beadpack-1-X/processor0	effPorosity= 0.33037 		K_x= 3.40797e-12 m^2 		FF_x= 5.34429 		DarcyVelocity= 1.70399e-05 m/s 		DelP= 1 Pa 		K: 3.40797e-12 m^2 			K=( 3.40797e-12  0  0 ) Pmax-Pmin: 1.02161 Umax= 0.000508081		 effPorosity= V_pore/(L_x*L_y*L_z)= 2.64296e-12/(0.0002*0.0002*0.0002)= 0.33037		 Re=rho*VDarcy*sqrt(K)/mu= 1000*1.70399e-05*sqrt(3.40797e-12 )/0.001)= 3.14568e-05


x=mag(U)/U_D 	 PDF 	 dV/Vdx 	 PDF(log10(x)) 	 dV/Vd(log10(x))
4.56147e-08 416.82 416.82 4.37794e-05 4.37794e-05 
5.34866e-08 0 0 0 0 
6.27169e-08 0 0 0 0 
7.35402e-08 0 0 0 0 
8.62313e-08 0 0 0 0 
1.01113e-07 0 0 0 0 
1.18562e-07 160.365 160.365 4.37794e-05 4.37794e-05 
1.39023e-07 0 0 0 0 
1.63014e-07 116.635 116.635 4.37794e-05 4.37794e-05 
1.91146e-07 0 0 0 0 
2.24133e-07 0 0 0 0 
2.62812e-07 144.69 144.69 8.75587e-05 8.75587e-05 
3.08167e-07 0 0 0 0 
3.61348e-07 0 0 0 0 
4.23707e-07 0 0 0 0 
4.96828e-07 0 0 0 0 
5.82567e-07 32.6368 32.6368 4.37794e-05 4.37794e-05 
6.83103e-07 27.8335 27.8335 4.37794e-05 4.37794e-05 
8.00989e-07 23.7371 23.7371 4.37794e-05 4.37794e-05 
9.39218e-07 20.2436 20.2436 4.37794e-05 4.37794e-05 
1.1013e-06 34.5285 34.5285 8.75587e-05 8.75587e-05 
1.29136e-06 0 0 0 0 
1.51421e-06 62.7823 62.7823 0.000218897 0.000218897 
1.77552e-06 10.7085 10.7085 4.37794e-05 4.37794e-05 
2.08193e-06 9.13244 9.13244 4.37794e-05 4.37794e-05 
2.44122e-06 31.1535 31.1535 0.000175117 0.000175117 
2.86251e-06 6.64212 6.64212 4.37794e-05 4.37794e-05 
3.3565e-06 11.3291 11.3291 8.75587e-05 8.75587e-05 
3.93575e-06 0 0 0 0 
4.61495e-06 12.3597 12.3597 0.000131338 0.000131338 
5.41137e-06 0 0 0 0 
6.34523e-06 11.9858 11.9858 0.000175117 0.000175117 
7.44025e-06 5.11089 5.11089 8.75587e-05 8.75587e-05 
8.72424e-06 13.0761 13.0761 0.000262676 0.000262676 
1.02298e-05 9.293 9.293 0.000218897 0.000218897 
1.19952e-05 7.9253 7.9253 0.000218897 0.000218897 
1.40653e-05 10.8142 10.8142 0.000350235 0.000350235 
1.64926e-05 4.61132 4.61132 0.000175117 0.000175117 
1.93387e-05 1.96633 1.96633 8.75587e-05 8.75587e-05 
2.26761e-05 7.5462 7.5462 0.000394014 0.000394014 
2.65894e-05 1.43013 1.43013 8.75587e-05 8.75587e-05 
3.1178e-05 4.26878 4.26878 0.000306456 0.000306456 
3.65585e-05 3.64052 3.64052 0.000306456 0.000306456 
4.28675e-05 2.21766 2.21766 0.000218897 0.000218897 
5.02653e-05 3.4043 3.4043 0.000394014 0.000394014 
5.89398e-05 3.22586 3.22586 0.000437794 0.000437794 
6.91113e-05 2.75109 2.75109 0.000437794 0.000437794 
8.1038e-05 4.45778 4.45778 0.000831808 0.000831808 
9.50231e-05 2.20099 2.20099 0.000481573 0.000481573 
0.000111422 3.58347 3.58347 0.000919367 0.000919367 
0.00013065 1.74633 1.74633 0.000525352 0.000525352 
0.000153197 1.86164 1.86164 0.00065669 0.00065669 
0.000179634 1.6935 1.6935 0.00070047 0.00070047 
0.000210635 1.80532 1.80532 0.000875587 0.000875587 
0.000246984 1.15472 1.15472 0.00065669 0.00065669 
0.000289607 2.03519 2.03519 0.00135716 0.00135716 
0.000339586 1.90363 1.90363 0.0014885 0.0014885 
0.00039819 2.05321 2.05321 0.00188251 0.00188251 
0.000466907 2.0768 2.0768 0.00223275 0.00223275 
0.000547482 1.87533 1.87533 0.00236409 0.00236409 
0.000641963 1.36239 1.36239 0.00201385 0.00201385 
0.000752749 1.43972 1.43972 0.00249542 0.00249542 
0.000882654 1.72327 1.72327 0.00350235 0.00350235 
0.00103498 1.6901 1.6901 0.0040277 0.0040277 
0.00121359 1.62936 1.62936 0.00455305 0.00455305 
0.00142302 1.58997 1.58997 0.00520974 0.00520974 
0.00166859 1.40155 1.40155 0.00538486 0.00538486 
0.00195655 1.55483 1.55483 0.0070047 0.0070047 
0.0022942 1.44202 1.44202 0.00761761 0.00761761 
0.00269012 1.4701 1.4701 0.00910611 0.00910611 
0.00315436 1.39237 1.39237 0.010113 0.010113 
0.00369872 1.23371 1.23371 0.010507 0.010507 
0.00433702 1.13105 1.13105 0.0112951 0.0112951 
0.00508547 1.02441 1.02441 0.0119955 0.0119955 
0.00596309 1.05857 1.05857 0.0145347 0.0145347 
0.00699216 0.840235 0.840235 0.0135278 0.0135278 
0.00819882 0.927603 0.927603 0.0175117 0.0175117 
0.00961373 0.816793 0.816793 0.0180809 0.0180809 
0.0112728 0.753927 0.753927 0.0195694 0.0195694 
0.0132182 0.665983 0.665983 0.0202698 0.0202698 
0.0154993 0.67101 0.67101 0.0239473 0.0239473 
0.0181741 0.639209 0.639209 0.0267492 0.0267492 
0.0213104 0.558516 0.558516 0.0274059 0.0274059 
0.024988 0.485447 0.485447 0.0279312 0.0279312 
0.0293003 0.436064 0.436064 0.0294197 0.0294197 
0.0343568 0.416712 0.416712 0.0329659 0.0329659 
0.0402858 0.435615 0.435615 0.0404084 0.0404084 
0.0472381 0.396458 0.396458 0.0431227 0.0431227 
0.0553902 0.404015 0.404015 0.0515283 0.0515283 
0.064949 0.384659 0.384659 0.0575261 0.0575261 
0.0761575 0.371986 0.371986 0.0652313 0.0652313 
0.0893003 0.370893 0.370893 0.0762637 0.0762637 
0.104711 0.355346 0.355346 0.0856762 0.0856762 
0.122782 0.324263 0.324263 0.091674 0.091674 
0.14397 0.32844 0.32844 0.108879 0.108879 
0.168816 0.318057 0.318057 0.123633 0.123633 
0.197949 0.305441 0.305441 0.139218 0.139218 
0.23211 0.292107 0.292107 0.156117 0.156117 
0.272166 0.293686 0.293686 0.184048 0.184048 
0.319134 0.277094 0.277094 0.203618 0.203618 
0.374209 0.261818 0.261818 0.225595 0.225595 
0.438787 0.249501 0.249501 0.252082 0.252082 
0.51451 0.232255 0.232255 0.275153 0.275153 
0.603301 0.223064 0.223064 0.30987 0.30987 
0.707415 0.216494 0.216494 0.352643 0.352643 
0.829496 0.19953 0.19953 0.381099 0.381099 
0.972645 0.186936 0.186936 0.418662 0.418662 
1.1405 0.172277 0.172277 0.452416 0.452416 
1.33732 0.159846 0.159846 0.492211 0.492211 
1.5681 0.148736 0.148736 0.537041 0.537041 
1.83872 0.138707 0.138707 0.587256 0.587256 
2.15603 0.125885 0.125885 0.62495 0.62495 
2.5281 0.115939 0.115939 0.674903 0.674903 
2.96439 0.107105 0.107105 0.731072 0.731072 
3.47596 0.0968499 0.0968499 0.775157 0.775157 
4.07582 0.0847652 0.0847652 0.795515 0.795515 
4.7792 0.0721307 0.0721307 0.793764 0.793764 
5.60396 0.0530668 0.0530668 0.684753 0.684753 
6.57106 0.0397012 0.0397012 0.600697 0.600697 
7.70505 0.0333548 0.0333548 0.591766 0.591766 
9.03474 0.0263266 0.0263266 0.54768 0.54768 
10.5939 0.0189344 0.0189344 0.461872 0.461872 
12.4221 0.0145865 0.0145865 0.417217 0.417217 
14.5659 0.0103708 0.0103708 0.347827 0.347827 
17.0795 0.00447511 0.00447511 0.175993 0.175993 
20.027 0.00203166 0.00203166 0.0936878 0.0936878 
23.4831 0.000631527 0.000631527 0.0341479 0.0341479 
27.5357 0.00022579 0.00022579 0.0143159 0.0143159 




x=U_x/U_D 	 PDF 	 dV/Vdx
-0.254199 0.00122088 0.00122088 
-0.0484177 0.0315074 0.0315074 
0.157364 0.606187 0.606187 
0.363145 0.38359 0.38359 
0.568926 0.291289 0.291289 
0.774708 0.24747 0.24747 
0.980489 0.214624 0.214624 
1.18627 0.190515 0.190515 
1.39205 0.167951 0.167951 
1.59783 0.149874 0.149874 
1.80361 0.133826 0.133826 
2.0094 0.122735 0.122735 
2.21518 0.113777 0.113777 
2.42096 0.110364 0.110364 
2.62674 0.104789 0.104789 
2.83252 0.100833 0.100833 
3.0383 0.0950077 0.0950077 
3.24408 0.0924483 0.0924483 
3.44986 0.088815 0.088815 
3.65565 0.0870205 0.0870205 
3.86143 0.0823429 0.0823429 
4.06721 0.0789009 0.0789009 
4.27299 0.0725465 0.0725465 
4.47877 0.0689133 0.0689133 
4.68455 0.0629854 0.0629854 
4.89033 0.0588962 0.0588962 
5.09612 0.0536597 0.0536597 
5.3019 0.0485997 0.0485997 
5.50768 0.0454078 0.0454078 
5.71346 0.0433779 0.0433779 
5.91924 0.0408626 0.0408626 
6.12502 0.0378324 0.0378324 
6.3308 0.0377883 0.0377883 
6.53658 0.0357437 0.0357437 
6.74237 0.0347435 0.0347435 
6.94815 0.0335667 0.0335667 
7.15393 0.0311838 0.0311838 
7.35971 0.0314486 0.0314486 
7.56549 0.0305366 0.0305366 
7.77127 0.0290215 0.0290215 
7.97705 0.0274476 0.0274476 
8.18284 0.0266386 0.0266386 
8.38862 0.026668 0.026668 
8.5944 0.0250647 0.0250647 
8.80018 0.0222994 0.0222994 
9.00596 0.0210344 0.0210344 
9.21174 0.0207402 0.0207402 
9.41752 0.0202548 0.0202548 
9.6233 0.0198135 0.0198135 
9.82909 0.017916 0.017916 
10.0349 0.0184308 0.0184308 
10.2406 0.0180925 0.0180925 
10.4464 0.017004 0.017004 
10.6522 0.0167981 0.0167981 
10.858 0.0167539 0.0167539 
11.0638 0.0162244 0.0162244 
11.2696 0.0154595 0.0154595 
11.4753 0.0147682 0.0147682 
11.6811 0.0146064 0.0146064 
11.8869 0.0138268 0.0138268 
12.0927 0.0135326 0.0135326 
12.2985 0.0121646 0.0121646 
12.5042 0.0112379 0.0112379 
12.71 0.0104142 0.0104142 
12.9158 0.00982584 0.00982584 
13.1216 0.00906096 0.00906096 
13.3274 0.00836962 0.00836962 
13.5331 0.0083402 0.0083402 
13.7389 0.00760473 0.00760473 
13.9447 0.00714874 0.00714874 
14.1505 0.00679572 0.00679572 
14.3563 0.00628089 0.00628089 
14.5621 0.00595729 0.00595729 
14.7678 0.00551601 0.00551601 
14.9736 0.00528066 0.00528066 
15.1794 0.00419216 0.00419216 
15.3852 0.00358908 0.00358908 
15.591 0.00350082 0.00350082 
15.7967 0.00323606 0.00323606 
16.0025 0.00275065 0.00275065 
16.2083 0.00311838 0.00311838 
16.4141 0.00239762 0.00239762 
16.6199 0.00253001 0.00253001 
16.8257 0.00172099 0.00172099 
17.0314 0.00164745 0.00164745 
17.2372 0.00119146 0.00119146 
17.443 0.00139739 0.00139739 
17.6488 0.00125029 0.00125029 
17.8546 0.00133855 0.00133855 
18.0603 0.00108849 0.00108849 
18.2661 0.00119146 0.00119146 
18.4719 0.00101495 0.00101495 
18.6777 0.00104436 0.00104436 
18.8835 0.000926689 0.000926689 
19.0892 0.000838433 0.000838433 
19.295 0.000941398 0.000941398 
19.5008 0.000720758 0.000720758 
19.7066 0.000706049 0.000706049 
19.9124 0.000764886 0.000764886 
20.1182 0.000764886 0.000764886 
20.3239 0.000573665 0.000573665 
20.5297 0.000529537 0.000529537 
20.7355 0.000632502 0.000632502 
20.9413 0.000558955 0.000558955 
21.1471 0.000353024 0.000353024 
21.3528 0.00045599 0.00045599 
21.5586 0.000323606 0.000323606 
21.7644 0.000191222 0.000191222 
21.9702 0.000411862 0.000411862 
22.176 0.00023535 0.00023535 
22.3817 0.00023535 0.00023535 
22.5875 0.000294187 0.000294187 
22.7933 0.000176512 0.000176512 
22.9991 0.000176512 0.000176512 
23.2049 5.88374e-05 5.88374e-05 
23.4107 7.35467e-05 7.35467e-05 
23.6164 8.82561e-05 8.82561e-05 
23.8222 4.4128e-05 4.4128e-05 
24.028 5.88374e-05 5.88374e-05 
24.2338 0.000102965 0.000102965 
24.4396 0.000117675 0.000117675 
24.6453 8.82561e-05 8.82561e-05 
24.8511 2.94187e-05 2.94187e-05 
25.0569 7.35467e-05 7.35467e-05 
25.2627 5.88374e-05 5.88374e-05 
25.4685 8.82561e-05 8.82561e-05 
25.6742 1.47093e-05 1.47093e-05 
25.88 4.4128e-05 4.4128e-05 




x=U_y/U_D 	 PDF 	 dV/Vdx
-13.2402 2.60844e-05 2.60844e-05 
-13.0081 7.82533e-05 7.82533e-05 
-12.776 0.000130422 0.000130422 
-12.5439 0.000104338 0.000104338 
-12.3118 0.000143464 0.000143464 
-12.0797 0.000169549 0.000169549 
-11.8476 0.000273887 0.000273887 
-11.6156 0.000130422 0.000130422 
-11.3835 0.000221718 0.000221718 
-11.1514 0.000195633 0.000195633 
-10.9193 0.000260844 0.000260844 
-10.6872 0.000313013 0.000313013 
-10.4551 0.000313013 0.000313013 
-10.223 0.000404309 0.000404309 
-9.99096 0.000378224 0.000378224 
-9.75887 0.000430393 0.000430393 
-9.52679 0.000508647 0.000508647 
-9.2947 0.000534731 0.000534731 
-9.06262 0.000534731 0.000534731 
-8.83053 0.0005869 0.0005869 
-8.59845 0.00119988 0.00119988 
-8.36636 0.00123901 0.00123901 
-8.13428 0.00144769 0.00144769 
-7.90219 0.00186504 0.00186504 
-7.67011 0.00220414 0.00220414 
-7.43802 0.00272582 0.00272582 
-7.20594 0.00371703 0.00371703 
-6.97385 0.00379529 0.00379529 
-6.74176 0.00447348 0.00447348 
-6.50968 0.00482562 0.00482562 
-6.27759 0.0056212 0.0056212 
-6.04551 0.00657328 0.00657328 
-5.81342 0.00717322 0.00717322 
-5.58134 0.00854266 0.00854266 
-5.34925 0.011425 0.011425 
-5.11717 0.0127683 0.0127683 
-4.88508 0.0141247 0.0141247 
-4.653 0.0159767 0.0159767 
-4.42091 0.0174505 0.0174505 
-4.18882 0.0200068 0.0200068 
-3.95674 0.0216892 0.0216892 
-3.72465 0.0245976 0.0245976 
-3.49257 0.0276234 0.0276234 
-3.26048 0.0308188 0.0308188 
-3.0284 0.0344184 0.0344184 
-2.79631 0.0375355 0.0375355 
-2.56423 0.041083 0.041083 
-2.33214 0.0457912 0.0457912 
-2.10006 0.0537731 0.0537731 
-1.86797 0.0581553 0.0581553 
-1.63589 0.0640895 0.0640895 
-1.4038 0.0729582 0.0729582 
-1.17171 0.0849049 0.0849049 
-0.939629 0.101703 0.101703 
-0.707544 0.126131 0.126131 
-0.475459 0.169992 0.169992 
-0.243373 0.23429 0.23429 
-0.0112878 0.477763 0.477763 
0.220798 0.820251 0.820251 
0.452883 0.373881 0.373881 
0.684968 0.263701 0.263701 
0.917054 0.22087 0.22087 
1.14914 0.174701 0.174701 
1.38122 0.136982 0.136982 
1.61331 0.10366 0.10366 
1.8454 0.0815269 0.0815269 
2.07748 0.0592899 0.0592899 
2.30957 0.0443305 0.0443305 
2.54165 0.035827 0.035827 
2.77374 0.0281973 0.0281973 
3.00582 0.0209067 0.0209067 
3.23791 0.0139813 0.0139813 
3.46999 0.00959908 0.00959908 
3.70208 0.00781229 0.00781229 
3.93416 0.00683412 0.00683412 
4.16625 0.00558207 0.00558207 
4.39833 0.0046952 0.0046952 
4.63042 0.00378224 0.00378224 
4.86251 0.0030258 0.0030258 
5.09459 0.00267366 0.00267366 
5.32668 0.00216501 0.00216501 
5.55876 0.00203459 0.00203459 
5.79085 0.00159115 0.00159115 
6.02293 0.00143464 0.00143464 
6.25502 0.00104338 0.00104338 
6.4871 0.00118684 0.00118684 
6.71919 0.00125205 0.00125205 
6.95127 0.000978167 0.000978167 
7.18336 0.000769491 0.000769491 
7.41544 0.000599942 0.000599942 
7.64753 0.000717322 0.000717322 
7.87962 0.000560816 0.000560816 
8.1117 0.000626027 0.000626027 
8.34379 0.000743407 0.000743407 
8.57587 0.000573858 0.000573858 
8.80796 0.000534731 0.000534731 
9.04004 0.0005869 0.0005869 
9.27213 0.000508647 0.000508647 
9.50421 0.000573858 0.000573858 
9.7363 0.000573858 0.000573858 
9.96838 0.000534731 0.000534731 
10.2005 0.000404309 0.000404309 
10.4326 0.000482562 0.000482562 
10.6646 0.000260844 0.000260844 
10.8967 0.000404309 0.000404309 
11.1288 0.000417351 0.000417351 
11.3609 0.000247802 0.000247802 
11.593 0.000430393 0.000430393 
11.8251 0.000299971 0.000299971 
12.0572 0.000273887 0.000273887 
12.2892 0.000391267 0.000391267 
12.5213 0.000273887 0.000273887 
12.7534 0.000208676 0.000208676 
12.9855 0.000339098 0.000339098 
13.2176 0.000286929 0.000286929 
13.4497 0.000247802 0.000247802 
13.6818 0.000286929 0.000286929 
13.9138 0.000156507 0.000156507 
14.1459 0.000156507 0.000156507 
14.378 0.000195633 0.000195633 
14.6101 0.000182591 0.000182591 
14.8422 0.000221718 0.000221718 
15.0743 9.12956e-05 9.12956e-05 
15.3063 0.000143464 0.000143464 
15.5384 0.000143464 0.000143464 
15.7705 0.00011738 0.00011738 
16.0026 7.82533e-05 7.82533e-05 
16.2347 0.000104338 0.000104338 




x=U_z/U_D 	 PDF 	 dV/Vdx
-13.2044 1.2673e-05 1.2673e-05 
-12.9655 5.0692e-05 5.0692e-05 
-12.7267 0.000101384 0.000101384 
-12.4878 0.000152076 0.000152076 
-12.249 0.000114057 0.000114057 
-12.0102 0.000177422 0.000177422 
-11.7713 0.000101384 0.000101384 
-11.5325 0.000215441 0.000215441 
-11.2936 0.00025346 0.00025346 
-11.0548 0.000278806 0.000278806 
-10.8159 0.000316825 0.000316825 
-10.5771 0.000228114 0.000228114 
-10.3382 0.000291479 0.000291479 
-10.0994 0.000291479 0.000291479 
-9.86053 0.000443555 0.000443555 
-9.62168 0.00038019 0.00038019 
-9.38284 0.000367517 0.000367517 
-9.14399 0.000367517 0.000367517 
-8.90514 0.000392863 0.000392863 
-8.6663 0.000405536 0.000405536 
-8.42745 0.000595632 0.000595632 
-8.1886 0.000735035 0.000735035 
-7.94976 0.000697016 0.000697016 
-7.71091 0.000595632 0.000595632 
-7.47206 0.000773054 0.000773054 
-7.23321 0.000646324 0.000646324 
-6.99437 0.000912457 0.000912457 
-6.75552 0.00116592 0.00116592 
-6.51667 0.00115324 0.00115324 
-6.27783 0.00148274 0.00148274 
-6.03898 0.00157145 0.00157145 
-5.80013 0.00214174 0.00214174 
-5.56129 0.00212907 0.00212907 
-5.32244 0.00267401 0.00267401 
-5.08359 0.00281341 0.00281341 
-4.84475 0.00364983 0.00364983 
-4.6059 0.0041314 0.0041314 
-4.36705 0.004651 0.004651 
-4.12821 0.00538603 0.00538603 
-3.88936 0.00691946 0.00691946 
-3.65051 0.00827548 0.00827548 
-3.41166 0.00942872 0.00942872 
-3.17282 0.011393 0.011393 
-2.93397 0.014067 0.014067 
-2.69512 0.0160821 0.0160821 
-2.45628 0.0190856 0.0190856 
-2.21743 0.0234071 0.0234071 
-1.97858 0.0327344 0.0327344 
-1.73974 0.042518 0.042518 
-1.50089 0.0505526 0.0505526 
-1.26204 0.0664826 0.0664826 
-1.0232 0.0868228 0.0868228 
-0.784349 0.125552 0.125552 
-0.545502 0.182808 0.182808 
-0.306655 0.286233 0.286233 
-0.0678085 0.502231 0.502231 
0.171038 0.925333 0.925333 
0.409885 0.3708 0.3708 
0.648732 0.255843 0.255843 
0.887579 0.195659 0.195659 
1.12643 0.156334 0.156334 
1.36527 0.122992 0.122992 
1.60412 0.10032 0.10032 
1.84297 0.0821338 0.0821338 
2.08181 0.0683202 0.0683202 
2.32066 0.0561034 0.0561034 
2.55951 0.0471563 0.0471563 
2.79835 0.0383485 0.0383485 
3.0372 0.0292747 0.0292747 
3.27605 0.0250165 0.0250165 
3.51489 0.0207964 0.0207964 
3.75374 0.0180971 0.0180971 
3.99259 0.014726 0.014726 
4.23144 0.0130279 0.0130279 
4.47028 0.0117606 0.0117606 
4.70913 0.00947941 0.00947941 
4.94798 0.00969485 0.00969485 
5.18682 0.00808538 0.00808538 
5.42567 0.00717292 0.00717292 
5.66452 0.00623512 0.00623512 
5.90336 0.00560147 0.00560147 
6.14221 0.00581691 0.00581691 
6.38106 0.00565216 0.00565216 
6.6199 0.00462565 0.00462565 
6.85875 0.00396665 0.00396665 
7.0976 0.00394131 0.00394131 
7.33644 0.00375121 0.00375121 
7.57529 0.00315558 0.00315558 
7.81414 0.00292747 0.00292747 
8.05299 0.00271202 0.00271202 
8.29183 0.00242055 0.00242055 
8.53068 0.00223045 0.00223045 
8.76953 0.00207837 0.00207837 
9.00837 0.00179957 0.00179957 
9.24722 0.00187561 0.00187561 
9.48607 0.00139403 0.00139403 
9.72491 0.00147007 0.00147007 
9.96376 0.00115324 0.00115324 
10.2026 0.00135601 0.00135601 
10.4415 0.00092513 0.00092513 
10.6803 0.000747708 0.000747708 
10.9191 0.000633651 0.000633651 
11.158 0.000570286 0.000570286 
11.3968 0.000760381 0.000760381 
11.6357 0.000582959 0.000582959 
11.8745 0.000354844 0.000354844 
12.1134 0.000329498 0.000329498 
12.3522 0.000443555 0.000443555 
12.5911 0.000316825 0.000316825 
12.8299 0.000228114 0.000228114 
13.0688 0.000316825 0.000316825 
13.3076 0.000202768 0.000202768 
13.5465 0.000228114 0.000228114 
13.7853 0.000152076 0.000152076 
14.0242 0.00025346 0.00025346 
14.263 0.000202768 0.000202768 
14.5019 0.000202768 0.000202768 
14.7407 0.000139403 0.000139403 
14.9795 0.000139403 0.000139403 
15.2184 0.000139403 0.000139403 
15.4572 0.000164749 0.000164749 
15.6961 0.000152076 0.000152076 
15.9349 0.000114057 0.000114057 
16.1738 8.87111e-05 8.87111e-05 
16.4126 0.000101384 0.000101384 
16.6515 6.33651e-05 6.33651e-05 
16.8903 8.87111e-05 8.87111e-05 
17.1292 6.33651e-05 6.33651e-05 




x=mag(U)/U_D 	 PDF 	 dV/Vdx
0.116473 0.257788 0.257788 
0.34942 0.317431 0.317431 
0.582366 0.257723 0.257723 
0.815313 0.226278 0.226278 
1.04826 0.198821 0.198821 
1.28121 0.177992 0.177992 
1.51415 0.162763 0.162763 
1.7471 0.152628 0.152628 
1.98005 0.141648 0.141648 
2.21299 0.133396 0.133396 
2.44594 0.126406 0.126406 
2.67889 0.12061 0.12061 
2.91183 0.114464 0.114464 
3.14478 0.108578 0.108578 
3.37773 0.104056 0.104056 
3.61067 0.0964285 0.0964285 
3.84362 0.0928422 0.0928422 
4.07656 0.0893728 0.0893728 
4.30951 0.0842531 0.0842531 
4.54246 0.0768985 0.0768985 
4.7754 0.0733382 0.0733382 
5.00835 0.0655158 0.0655158 
5.2413 0.0588369 0.0588369 
5.47424 0.052002 0.052002 
5.70719 0.0481818 0.0481818 
5.94014 0.0468824 0.0468824 
6.17308 0.0426853 0.0426853 
6.40603 0.0408142 0.0408142 
6.63898 0.038943 0.038943 
6.87192 0.0392549 0.0392549 
7.10487 0.03676 0.03676 
7.33782 0.0360974 0.0360974 
7.57076 0.0334466 0.0334466 
7.80371 0.0324071 0.0324071 
8.03666 0.0298992 0.0298992 
8.2696 0.0296783 0.0296783 
8.50255 0.0289377 0.0289377 
8.7355 0.0269496 0.0269496 
8.96844 0.0257541 0.0257541 
9.20139 0.0239609 0.0239609 
9.43434 0.0225966 0.0225966 
9.66728 0.0214791 0.0214791 
9.90023 0.0206605 0.0206605 
10.1332 0.0196339 0.0196339 
10.3661 0.0183735 0.0183735 
10.5991 0.0183086 0.0183086 
10.832 0.0175679 0.0175679 
11.065 0.0170741 0.0170741 
11.2979 0.0167753 0.0167753 
11.5309 0.0156188 0.0156188 
11.7638 0.0156838 0.0156838 
11.9967 0.0149171 0.0149171 
12.2297 0.0142154 0.0142154 
12.4626 0.0137087 0.0137087 
12.6956 0.0138126 0.0138126 
12.9285 0.0139686 0.0139686 
13.1615 0.0137347 0.0137347 
13.3944 0.0121234 0.0121234 
13.6274 0.010902 0.010902 
13.8603 0.0105122 0.0105122 
14.0933 0.00900485 0.00900485 
14.3262 0.0084461 0.0084461 
14.5592 0.00829018 0.00829018 
14.7921 0.00665293 0.00665293 
15.0251 0.00663994 0.00663994 
15.258 0.00575634 0.00575634 
15.4909 0.00535353 0.00535353 
15.7239 0.00492473 0.00492473 
15.9568 0.00492473 0.00492473 
16.1898 0.00424904 0.00424904 
16.4227 0.00422305 0.00422305 
16.6557 0.00361233 0.00361233 
16.8886 0.00345641 0.00345641 
17.1216 0.00327449 0.00327449 
17.3545 0.00279371 0.00279371 
17.5875 0.00280671 0.00280671 
17.8204 0.00279371 0.00279371 
18.0534 0.00229994 0.00229994 
18.2863 0.00253383 0.00253383 
18.5193 0.00219599 0.00219599 
18.7522 0.0023779 0.0023779 
18.9851 0.00214401 0.00214401 
19.2181 0.00179317 0.00179317 
19.451 0.00178018 0.00178018 
19.684 0.00158527 0.00158527 
19.9169 0.00158527 0.00158527 
20.1499 0.00135138 0.00135138 
20.3828 0.00119545 0.00119545 
20.6158 0.00105251 0.00105251 
20.8487 0.00102653 0.00102653 
21.0817 0.000831616 0.000831616 
21.3146 0.00077964 0.00077964 
21.5476 0.000792634 0.000792634 
21.7805 0.000493772 0.000493772 
22.0135 0.000753652 0.000753652 
22.2464 0.000363832 0.000363832 
22.4793 0.000467784 0.000467784 
22.7123 0.000506766 0.000506766 
22.9452 0.000311856 0.000311856 
23.1782 0.000376826 0.000376826 
23.4111 0.000337844 0.000337844 
23.6441 0.000220898 0.000220898 
23.877 0.000220898 0.000220898 
24.11 0.000272874 0.000272874 
24.3429 0.000272874 0.000272874 
24.5759 0.000272874 0.000272874 
24.8088 0.00032485 0.00032485 
25.0418 0.000207904 0.000207904 
25.2747 0.00019491 0.00019491 
25.5076 0.00019491 0.00019491 
25.7406 0.000207904 0.000207904 
25.9735 0.000116946 0.000116946 
26.2065 0.000207904 0.000207904 
26.4394 0.000103952 0.000103952 
26.6724 0.000220898 0.000220898 
26.9053 7.7964e-05 7.7964e-05 
27.1383 0.00019491 0.00019491 
27.3712 0.00019491 0.00019491 
27.6042 0.000116946 0.000116946 
27.8371 9.0958e-05 9.0958e-05 
28.0701 0.000116946 0.000116946 
28.303 0.000103952 0.000103952 
28.536 9.0958e-05 9.0958e-05 
28.7689 7.7964e-05 7.7964e-05 
29.0018 6.497e-05 6.497e-05 
29.2348 7.7964e-05 7.7964e-05 
29.4677 2.5988e-05 2.5988e-05 
29.7007 2.5988e-05 2.5988e-05 


